REC 13 2 0.0 7.399485
REC 82 2 7.399485 22.198456
REC 30 2 22.198456 25.898198
REC 56 2 25.898198 40.697169
REC 85 2 40.697169 55.496140000000004
REC 37 2 55.496140000000004 59.195882000000005
REC 38 2 59.195882000000005 62.895624000000005
REC 32 2 62.895624000000005 70.29510900000001
REC 63 2 70.29510900000001 73.99485100000001
REC 96 2 73.99485100000001 77.69459300000001
REC 54 2 77.69459300000001 85.09407800000001
REC 74 2 85.09407800000001 92.49356300000001
REC 24 2 92.49356300000001 96.19330500000001
REC 15 2 96.19330500000001 110.992276
REC 26 2 110.992276 118.391761
REC 42 2 118.391761 125.791246
REC 49 2 125.791246 140.590217
REC 67 2 140.590217 155.389188
REC 9 2 155.389188 170.18815899999998
REC 17 2 170.18815899999998 173.88790099999997
REC 92 2 173.88790099999997 177.58764299999996
REC 68 2 177.58764299999996 184.98712799999996
REC 46 2 184.98712799999996 192.38661299999995
REC 79 2 192.38661299999995 207.18558399999995
REC 25 2 207.18558399999995 214.58506899999995
REC 34 2 214.58506899999995 229.38403999999994
REC 83 2 229.38403999999994 244.18301099999994
REC 53 2 244.18301099999994 247.88275299999992
REC 27 2 247.88275299999992 255.28223799999992
REC 8 2 255.28223799999992 258.9819799999999
REC 11 2 258.9819799999999 266.38146499999993
CAND 207 0 4636.153255403042 4643.552740403042
CAND 214 0 4643.552740403042 4658.351711403042
CAND 211 0 4658.351711403042 4665.751196403042
CAND 218 0 4665.751196403042 4680.550167403042
CAND 217 0 4680.550167403042 4695.349138403042
CAND 220 0 4695.349138403042 4702.748623403042
CAND 219 0 4702.748623403042 4717.547594403042
CAND 210 0 4717.547594403042 4721.247336403042
CAND 266 0 4721.247336403042 4728.646821403042
CAND 267 0 4728.646821403042 4743.445792403042
CAND 276 0 4743.445792403042 4750.845277403042
CAND 277 0 4750.845277403042 4765.644248403042
CAND 312 0 4765.644248403042 4773.043733403042
CAND 311 0 4773.043733403042 4787.842704403042
CAND 327 0 4787.842704403042 4802.641675403042
CAND 326 0 4802.641675403042 4817.440646403043
CAND 361 0 4817.440646403043 4832.239617403043
CAND 351 0 4832.239617403043 4847.038588403043
CAND 328 0 4847.038588403043 4850.738330403043
CAND 238 0 4850.738330403043 4858.137815403043
CAND 236 0 4858.137815403043 4861.837557403042
CAND 237 0 4861.837557403042 4876.636528403043
CAND 340 0 4876.636528403043 4891.435499403043
CAND 364 0 4891.435499403043 4906.234470403043
CAND 324 0 4906.234470403043 4909.934212403043
CAND 330 0 4909.934212403043 4917.333697403043
CAND 319 0 4917.333697403043 4924.7331824030425
CAND 321 0 4924.7331824030425 4932.132667403042
CAND 322 0 4932.132667403042 4939.532152403042
CAND 374 0 4939.532152403042 4946.931637403042
CAND 336 0 4946.931637403042 4950.631379403042
CAND 92 0 4950.631379403042 4965.430350403042
CAND 72 0 4965.430350403042 4980.229321403042
CAND 70 0 4980.229321403042 4995.0282924030425
CAND 74 0 4995.0282924030425 4998.728034403042
CAND 82 0 4998.728034403042 5013.5270054030425
CAND 83 0 5013.5270054030425 5020.926490403042
CAND 76 0 5020.926490403042 5024.626232403042
CAND 88 0 5024.626232403042 5032.025717403042
CAND 428 0 5032.025717403042 5046.824688403042
CAND 411 0 5046.824688403042 5054.224173403042
CAND 413 0 5054.224173403042 5061.623658403042
CAND 429 0 5061.623658403042 5065.323400403042
CAND 426 0 5065.323400403042 5080.122371403042
CAND 427 0 5080.122371403042 5094.921342403042
CAND 416 0 5094.921342403042 5109.720313403042
CAND 396 0 5109.720313403042 5113.420055403042
CAND 394 0 5113.420055403042 5117.119797403042
CAND 401 0 5117.119797403042 5120.819539403042
CAND 402 0 5120.819539403042 5135.618510403042
CAND 44 9 5227.0095692873 5234.4090542873
CAND 40 9 5234.4090542873 5249.2080252873
CAND 42 9 5249.2080252873 5256.6075102873
CAND 409 9 5256.6075102873 5271.4064812873
CAND 204 9 5271.4064812873 5286.2054522873
CAND 156 9 5286.2054522873 5293.6049372873
CAND 115 9 5293.6049372873 5301.0044222873
CAND 158 9 5301.0044222873 5315.8033932873
CAND 387 9 5315.8033932873 5330.602364287301
CAND 106 9 5330.602364287301 5345.401335287301
CAND 140 9 5345.401335287301 5349.1010772873005
CAND 108 9 5349.1010772873005 5356.5005622873
CAND 110 9 5356.5005622873 5371.299533287301
CAND 112 9 5371.299533287301 5378.6990182873005
CAND 137 9 5378.6990182873005 5382.3987602873
CAND 120 9 5382.3987602873 5397.1977312873005
CAND 98 9 5397.1977312873005 5404.5972162873
CAND 100 9 5404.5972162873 5408.2969582873
CAND 102 9 5408.2969582873 5411.9967002873
CAND 104 3 5638.566136717796 5653.3651077177965
CAND 9 4 11479.83084076643 11494.62981176643
CAND 8 4 11494.62981176643 11509.42878276643
CAND 28 4 11509.42878276643 11516.82826776643
CAND 26 4 11516.82826776643 11520.52800976643
CAND 25 4 11520.52800976643 11524.227751766432
CAND 208 4 11524.227751766432 11531.627236766431
CAND 24 4 11531.627236766431 11535.326978766432
CAND 23 4 11535.326978766432 11542.726463766432
CAND 19 4 11542.726463766432 11546.426205766433
CAND 22 4 11546.426205766433 11553.825690766433
CAND 16 4 11553.825690766433 11557.525432766433
CAND 13 4 11557.525432766433 11564.924917766433
CAND 10 4 11564.924917766433 11568.624659766434
REC 0 8 529.0901320278645 532.7898740278645
REC 59 8 532.7898740278645 540.1893590278645
REC 51 8 540.1893590278645 554.9883300278645
REC 61 8 554.9883300278645 558.6880720278646
REC 97 8 558.6880720278646 573.4870430278646
REC 29 8 573.4870430278646 580.8865280278646
REC 55 8 580.8865280278646 588.2860130278647
REC 86 8 588.2860130278647 595.6854980278647
REC 19 8 595.6854980278647 610.4844690278647
REC 18 8 610.4844690278647 614.1842110278648
REC 64 8 614.1842110278648 621.5836960278648
REC 87 8 621.5836960278648 625.2834380278648
REC 93 8 625.2834380278648 628.9831800278648
REC 76 8 628.9831800278648 632.6829220278648
REC 43 8 632.6829220278648 640.0824070278649
REC 62 8 640.0824070278649 643.7821490278649
REC 99 8 643.7821490278649 647.4818910278649
REC 52 8 647.4818910278649 662.2808620278649
REC 65 8 662.2808620278649 665.980604027865
REC 5 8 665.980604027865 669.680346027865
REC 58 8 669.680346027865 677.079831027865
REC 78 8 677.079831027865 691.878802027865
REC 41 8 691.878802027865 699.2782870278651
REC 94 8 699.2782870278651 706.6777720278651
REC 36 8 706.6777720278651 721.4767430278652
REC 45 8 721.4767430278652 736.2757140278652
REC 10 8 736.2757140278652 751.0746850278653
REC 90 8 751.0746850278653 758.4741700278653
REC 84 8 758.4741700278653 762.1739120278653
REC 73 8 762.1739120278653 776.9728830278654
REC 75 8 776.9728830278654 784.3723680278654
REC 71 8 784.3723680278654 791.7718530278654
REC 3 8 791.7718530278654 795.4715950278654
REC 1 8 795.4715950278654 810.2705660278655
REC 22 8 810.2705660278655 813.9703080278655
REC 57 8 813.9703080278655 817.6700500278655
REC 16 8 817.6700500278655 821.3697920278655
REC 33 8 821.3697920278655 828.7692770278655
REC 4 8 828.7692770278655 843.5682480278656
REC 2 8 843.5682480278656 858.3672190278656
REC 35 8 858.3672190278656 873.1661900278657
REC 14 8 873.1661900278657 887.9651610278657
REC 39 8 887.9651610278657 895.3646460278658
REC 60 8 895.3646460278658 902.7641310278658
REC 66 8 902.7641310278658 917.5631020278659
REC 88 8 917.5631020278659 924.9625870278659
REC 91 8 924.9625870278659 932.3620720278659
REC 7 8 932.3620720278659 936.0618140278659
REC 89 8 936.0618140278659 950.860785027866
REC 98 8 950.860785027866 958.260270027866
REC 44 8 958.260270027866 961.960012027866
REC 21 8 961.960012027866 969.359497027866
REC 81 8 969.359497027866 984.1584680278661
REC 31 8 984.1584680278661 987.8582100278661
REC 6 8 987.8582100278661 1002.6571810278662
REC 70 8 1002.6571810278662 1006.3569230278662
REC 12 1 1651.1867406070232 1658.5862256070232
REC 69 1 1658.5862256070232 1665.985710607023
REC 50 1 1665.985710607023 1680.784681607023
REC 47 1 1680.784681607023 1684.484423607023
REC 20 1 1684.484423607023 1688.184165607023
REC 95 1 1688.184165607023 1695.583650607023
REC 23 1 1695.583650607023 1699.283392607023
REC 72 1 1699.283392607023 1702.983134607023
REC 28 1 1702.983134607023 1706.682876607023
REC 40 1 1706.682876607023 1714.082361607023
REC 48 1 1714.082361607023 1717.782103607023
REC 80 1 1717.782103607023 1725.1815886070228
REC 77 1 1725.1815886070228 1728.8813306070228
CAND 301 1 1728.8813306070228 1732.5810726070229
CAND 303 1 1732.5810726070229 1739.9805576070228
CAND 302 1 1739.9805576070228 1754.7795286070227
CAND 304 1 1754.7795286070227 1758.4792706070227
CAND 271 1 1758.4792706070227 1765.8787556070226
CAND 272 1 1765.8787556070226 1773.2782406070226
CAND 284 1 1773.2782406070226 1788.0772116070225
CAND 285 1 1788.0772116070225 1795.4766966070224
CAND 265 1 1795.4766966070224 1810.2756676070223
CAND 282 1 1810.2756676070223 1813.9754096070224
CAND 293 1 1813.9754096070224 1817.6751516070224
CAND 270 1 1817.6751516070224 1825.0746366070223
CAND 295 1 1825.0746366070223 1839.8736076070222
CAND 294 1 1839.8736076070222 1854.6725786070222
CAND 296 1 1854.6725786070222 1869.471549607022
CAND 313 1 1869.471549607022 1876.871034607022
CAND 291 1 1876.871034607022 1880.570776607022
CAND 292 1 1880.570776607022 1887.970261607022
CAND 305 1 1887.970261607022 1895.3697466070219
CAND 283 1 1895.3697466070219 1899.0694886070219
CAND 307 1 1899.0694886070219 1913.8684596070218
CAND 262 1 1913.8684596070218 1917.5682016070218
CAND 273 1 1917.5682016070218 1924.9676866070217
CAND 278 1 1924.9676866070217 1939.7666576070217
CAND 306 1 1939.7666576070217 1943.4663996070217
CAND 286 1 1943.4663996070217 1950.8658846070216
CAND 309 1 1950.8658846070216 1965.6648556070215
CAND 280 1 1965.6648556070215 1980.4638266070215
CAND 308 1 1980.4638266070215 1984.1635686070215
CAND 263 1 1984.1635686070215 1987.8633106070215
CAND 274 1 1987.8633106070215 2002.6622816070214
CAND 310 1 2002.6622816070214 2006.3620236070215
CAND 275 1 2006.3620236070215 2010.0617656070215
CAND 281 1 2010.0617656070215 2013.7615076070215
CAND 268 1 2013.7615076070215 2021.1609926070214
CAND 269 1 2021.1609926070214 2028.5604776070213
CAND 46 1 2028.5604776070213 2043.3594486070212
CAND 314 1 2043.3594486070212 2058.158419607021
CAND 289 1 2058.158419607021 2061.858161607021
CAND 297 1 2061.858161607021 2076.657132607021
CAND 299 1 2076.657132607021 2080.356874607021
CAND 298 1 2080.356874607021 2095.155845607021
CAND 196 1 2095.155845607021 2098.855587607021
CAND 197 1 2098.855587607021 2102.5553296070207
CAND 430 1 2102.5553296070207 2106.2550716070205
CAND 329 1 2106.2550716070205 2113.6545566070204
CAND 365 1 2113.6545566070204 2128.4535276070205
CAND 337 1 2128.4535276070205 2132.1532696070203
CAND 179 1 2132.1532696070203 2135.85301160702
CAND 254 1 2135.85301160702 2139.55275360702
CAND 73 1 2139.55275360702 2154.35172460702
CAND 69 1 2154.35172460702 2161.75120960702
CAND 155 1 2161.75120960702 2165.4509516070198
CAND 148 1 2165.4509516070198 2172.8504366070197
CAND 30 1 2172.8504366070197 2180.2499216070196
CAND 149 1 2180.2499216070196 2195.0488926070198
CAND 139 1 2195.0488926070198 2209.84786360702
CAND 107 1 2209.84786360702 2224.64683460702
CAND 63 1 2224.64683460702 2228.34657660702
CAND 35 1 2228.34657660702 2235.74606160702
CAND 407 10 2235.74606160702 2243.1455466070197
CAND 160 10 2243.1455466070197 2246.8452886070195
CAND 164 10 2246.8452886070195 2254.2447736070194
CAND 94 10 2254.2447736070194 2269.0437446070196
CAND 234 10 2269.0437446070196 2276.4432296070195
CAND 226 10 2276.4432296070195 2280.1429716070193
CAND 377 10 2280.1429716070193 2287.542456607019
CAND 380 10 2287.542456607019 2291.242198607019
CAND 230 10 2291.242198607019 2306.041169607019
CAND 228 10 2306.041169607019 2313.440654607019
CAND 231 10 2313.440654607019 2320.840139607019
CAND 223 10 2320.840139607019 2328.239624607019
CAND 381 10 2328.239624607019 2343.038595607019
CAND 224 10 2343.038595607019 2350.438080607019
CAND 382 10 2350.438080607019 2354.1378226070187
CAND 209 6 8565.222198665142 8572.621683665142
CAND 216 6 8572.621683665142 8587.420654665142
CAND 213 6 8587.420654665142 8594.820139665142
CAND 240 6 8594.820139665142 8598.519881665143
CAND 241 6 8598.519881665143 8605.919366665143
CAND 246 6 8605.919366665143 8609.619108665143
CAND 252 6 8609.619108665143 8624.418079665144
CAND 249 6 8624.418079665144 8628.117821665144
CAND 239 6 8628.117821665144 8642.916792665144
CAND 255 6 8642.916792665144 8646.616534665145
CAND 360 6 8646.616534665145 8661.415505665145
CAND 362 6 8661.415505665145 8668.814990665145
CAND 363 6 8668.814990665145 8676.214475665145
CAND 242 6 8676.214475665145 8683.613960665145
CAND 243 6 8683.613960665145 8691.013445665145
CAND 256 6 8691.013445665145 8698.412930665145
CAND 257 6 8698.412930665145 8705.812415665145
CAND 368 6 8705.812415665145 8713.211900665145
CAND 371 6 8713.211900665145 8716.911642665145
CAND 344 6 8716.911642665145 8720.611384665146
CAND 346 6 8720.611384665146 8724.311126665147
CAND 345 6 8724.311126665147 8731.710611665147
CAND 338 6 8731.710611665147 8746.509582665147
CAND 347 6 8746.509582665147 8761.308553665147
CAND 339 6 8761.308553665147 8765.008295665148
CAND 323 6 8765.008295665148 8772.407780665148
CAND 350 6 8772.407780665148 8779.807265665147
CAND 359 6 8779.807265665147 8787.206750665147
CAND 165 6 8787.206750665147 8794.606235665147
CAND 168 6 8794.606235665147 8809.405206665147
CAND 161 6 8809.405206665147 8816.804691665147
CAND 162 6 8816.804691665147 8824.204176665147
CAND 403 6 8824.204176665147 8839.003147665147
CAND 400 6 8839.003147665147 8846.402632665147
CAND 410 6 8846.402632665147 8861.201603665148
CAND 391 6 8861.201603665148 8864.901345665148
CAND 29 7 13027.343212008476 13034.742697008476
CAND 27 7 13034.742697008476 13038.442439008477
CAND 7 7 13038.442439008477 13045.841924008477
CAND 3 7 13045.841924008477 13060.640895008477
CAND 21 7 13060.640895008477 13064.340637008478
CAND 5 7 13064.340637008478 13071.740122008478
CAND 15 7 13071.740122008478 13079.139607008477
CAND 1 7 13079.139607008477 13082.839349008478
CAND 18 7 13082.839349008478 13086.539091008479
CAND 12 7 13086.539091008479 13090.23883300848
CAND 54 7 13090.23883300848 13105.03780400848
CAND 53 7 13105.03780400848 13119.83677500848
CAND 57 7 13119.83677500848 13134.63574600848
CAND 58 7 13134.63574600848 13142.03523100848
CAND 55 7 13142.03523100848 13145.73497300848
CAND 56 7 13145.73497300848 13160.53394400848
CAND 50 7 13160.53394400848 13175.332915008481
CAND 59 7 13175.332915008481 13182.73240000848
CAND 51 7 13182.73240000848 13190.13188500848
CAND 60 7 13190.13188500848 13193.831627008482
CAND 48 7 13193.831627008482 13201.231112008481
CAND 49 7 13201.231112008481 13208.630597008481
CAND 52 7 13208.630597008481 13212.330339008482