207 247 1647.242846339941 1654.6423322427952 Auckland_0_0
214 256 1656.0769185735012 1663.4764044763554 Hamilton_0_1
211 253 1663.6039931965447 1671.0034790993989 Hamilton_0_0
218 261 1676.4203729954136 1683.8198588982677 Napier_1_0
217 259 1684.2312949097613 1691.6307808126155 Napier_0_0
220 266 1701.2563426494598 1708.655828552314 Wellington_0_1
219 263 1708.8011753250719 1716.200661227926 Wellington_0_0
210 250 1749.1825748980045 1756.5820608008587 Christchurch_0_0
266 334 3410.336398333311 3417.735884236165 Cape Town_0_0
267 336 3417.8832013108067 3425.2826872136607 Cape Town_1_0
276 346 3450.17863458395 3457.578120486804 George_0_0
277 348 3457.621578457879 3465.021064360733 George_0_1
312 385 3506.6591270267963 3514.0586129296503 Vaal_0_0
311 383 3580.1636739969254 3587.5631598997793 Upington_0_0
327 414 4549.83839532733 4557.237881230184 Cadiz_1_0
326 411 4557.716704913507 4565.116190816361 Cadiz_0_0
360 469 4566.495268513309 4573.894754416164 Sevilla_0_0
240 296 4587.925421208143 4595.324907110998 Lisboa_0_0
238 290 4596.387732170774 4603.7872180736285 Alverca do Ribatejo_1_0
236 284 4604.328456057934 4611.7279419607885 Alverca do Ribatejo_0_0
241 299 4612.095665857007 4619.495151759861 Lisboa_0_1
239 293 4620.553348014366 4627.95283391722 Alverca do Ribatejo_1_1
237 287 4628.491595437466 4635.89108134032 Alverca do Ribatejo_0_1
340 435 4650.306136944726 4657.70562284758 Getafe_0_0
341 437 4657.765308851754 4665.164794754608 Getafe_0_1
256 320 4676.017615033752 4683.417100936606 Vila Nova de Famalicao_0_0
257 323 4683.550387661621 4690.949873564476 Vila Nova de Famalicao_0_1
366 483 4691.057932831523 4698.457418734378 Vigo_0_0
369 486 4698.590953372106 4705.99043927496 Vigo_0_1
374 491 4719.129950059689 4726.529435962543 Vitoria-Gasteiz_0_1
355 462 4731.404458289828 4738.803944192682 Rubi_0_0
356 464 4738.935795334672 4746.335281237526 Rubi_1_0
342 439 4750.080539979235 4757.48002588209 Irun_0_0
343 441 4757.512772255171 4764.912258158025 Irun_0_1
68 86 4766.482596643681 4773.8820825465355 Bordeaux_0_0
82 102 4774.547991057045 4781.947476959899 Nantes_0_0
83 104 4782.11996023214 4789.519446134995 Nantes_1_0
86 108 4795.044169015822 4802.443654918677 Nice_0_1
400 524 4809.303874149772 4816.7033600526265 Barry_0_0
419 563 4819.351803940259 4826.751289843113 Littlehampton_1_0
415 555 4826.76367369012 4834.163159592975 Heathrow_0_0
416 557 4834.293552421067 4841.693038323921 Heathrow_1_0
161 189 4847.63154675184 4855.031032654694 Dublin_0_0
162 192 4855.257544303142 4862.657030205996 Dublin_1_0
183 215 4872.610440761136 4880.00992666399 Torino_0_0
422 569 4884.672827365748 4892.072313268603 Northampton_0_0
423 571 4892.205703588902 4899.605189491756 Northampton_1_0
38 48 4902.613571913077 4910.0130578159315 Houdeng-Goegnies_0_0
402 529 4917.891741373434 4925.291227276289 Belfast_0_0
403 532 4925.337160359928 4932.736646262782 Belfast_0_1
384 503 4941.969923356234 4949.369409259089 Berne_0_1
385 505 4949.726993985058 4957.126479887912 Zurich_0_0
386 507 4957.130171106952 4964.529657009806 Zurich_0_1
156 184 4965.06977036975 4972.469256272604 Troisdorf-Spich_0_0
158 186 4972.526196236193 4979.925682139047 Troisdorf-Spich_1_0
387 509 4980.463300668566 4987.862786571421 Zurich_1_0
388 511 4987.866593989984 4995.266079892838 Zurich_1_1
106 130 4995.763823868508 5003.163309771362 Dortmund_0_0
140 168 5003.539558647655 5010.93904455051 Mannheim_0_0
110 134 5011.261014916873 5018.6605008197275 Dortmund_1_0
116 142 5019.028467725612 5026.427953628467 Frankfurt_0_0
118 144 5026.433080558225 5033.832566461079 Frankfurt_0_1
120 146 5033.885835494749 5041.285321397603 Frankfurt_1_0
122 148 5041.290546993394 5048.690032896248 Frankfurt_1_1
98 122 5048.802937268642 5056.202423171497 Bremen_0_0
100 124 5056.209153436504 5063.608639339358 Bremen_0_1
102 126 5063.661242811863 5071.060728714718 Bremen_1_0
104 128 5071.067543625573 5078.467029528428 Bremen_1_1
9 10 7427.3818553984165 7434.781341301271 Brisbane_1_0
8 8 7435.083703508508 7442.483189411362 Brisbane_0_0
28 38 7526.861289083958 7534.260774986812 Sydney_0_1
26 36 7534.371731814338 7541.7712177171925 Sydney_0_0
25 33 7645.489407211542 7652.8888931143965 Melbourne_1_1
24 30 7652.962745900391 7660.362231803246 Melbourne_1_0
23 27 7660.579857760218 7667.9793436630725 Melbourne_0_1
19 21 7667.9968464198255 7675.39633232268 Derrimut_1_1
22 24 7675.486453370171 7682.8859392730255 Melbourne_0_0
16 18 7682.903612747872 7690.3030986507265 Derrimut_1_0
13 15 7690.51569234522 7697.915178248074 Derrimut_0_1
10 12 7697.986416472702 7705.385902375557 Derrimut_0_0
215 257 7761.294036788227 7768.693522691081 Hamilton_0_1
212 254 7768.6944500910195 7776.093935993874 Hamilton_0_0
189 222 12326.838797360659 12334.238283263512 Narita_0_1
188 221 12334.270653610523 12341.670139513377 Narita_0_0
195 228 12342.195723476474 12349.595209379328 Tokyo_1_1
193 226 12349.795121907287 12357.194607810141 Tokyo_0_1
194 227 12357.423991948013 12364.823477850867 Tokyo_1_0
192 225 12365.024576344535 12372.424062247388 Tokyo_0_0
191 224 12410.076515108347 12417.4760010112 Osaka_0_1
190 223 12417.485541527825 12424.885027430679 Osaka_0_0
2 2 13421.919899225235 13429.319385128088 Adelaide_0_1
6 6 13429.716997737187 13437.11648364004 Adelaide_1_1
0 0 13437.430086272778 13444.829572175631 Adelaide_0_0
4 4 13445.224446752893 13452.623932655746 Adelaide_1_0
14 16 13500.314944505692 13507.714430408545 Derrimut_0_1
20 22 13507.861780267658 13515.261266170512 Derrimut_1_1
11 13 13515.392202811292 13522.791688714145 Derrimut_0_0
17 19 13522.938271973717 13530.33775787657 Derrimut_1_0
