301 373 426.0320870876312 433.43157299048534 Port Elizabeth_0_0
303 375 433.744294080346 441.1437799832001 Port Elizabeth_1_0
302 374 441.3395332412553 448.7390191441094 Port Elizabeth_0_1
304 376 449.0497290306451 456.4492149334992 Port Elizabeth_1_1
271 341 460.2181992708864 467.6176851737405 East London_0_0
272 342 467.7043379969588 475.10382389981294 East London_0_1
264 332 516.1447575390339 523.5442434418879 Bloemfontein_0_0
284 356 525.654999573798 533.0544854766521 Kimberley_0_0
285 357 533.3435834815649 540.743069384419 Kimberley_1_0
282 354 541.0221374434284 548.4216233462824 Jetpark_0_0
293 365 554.7250176351246 562.1245035379786 Pietermaritzburg_0_0
270 340 562.5298140205728 569.9292999234268 Durban_0_0
294 366 570.2815185509623 577.6810044538164 Pietermaritzburg_0_1
313 387 580.7162646418674 588.1157505447214 Welkom_0_0
291 363 591.329278713566 598.7287646164201 Newcastle_0_0
292 364 598.8528428813305 606.2523287841846 Newcastle_1_0
305 377 607.6220001697877 615.0214860726418 Roodepoort_0_0
283 355 615.1735065550564 622.5729924579105 Johannesburg_0_0
307 379 622.5795531188631 629.9790390217172 Roodepoort_1_0
262 330 630.0641013441431 637.4635872469971 Bedfordview_0_0
273 343 637.4990533120186 644.8985392148727 EDENVALE_0_0
278 350 644.9038500163099 652.3033359191639 Greenstone_0_0
306 378 652.5295269382573 659.9290128411113 Roodepoort_0_1
309 381 660.2151077826002 667.6145936854542 Spartan_0_0
280 352 667.7060069773413 675.1054928801954 Greenstone_1_0
308 380 675.3256146786616 682.7251005815157 Roodepoort_1_1
263 331 682.8095358869397 690.2090217897937 Bedfordview_0_1
287 359 690.2275857980666 697.6270717009206 Midrand_0_0
274 344 697.7256750573815 705.1251609602356 Gauteng_0_0
279 351 705.2019077233186 712.6013936261727 Greenstone_0_1
310 382 712.6608427977968 720.0603287006509 Spartan_0_1
288 360 720.1297169458823 727.5292028487363 Midrand_1_0
275 345 727.6251910348824 735.0246769377364 Gauteng_1_0
281 353 735.0993319481968 742.4988178510508 Greenstone_1_1
268 338 742.6119772345927 750.0114631374468 Centurion_0_0
269 339 750.160865964655 757.5603518675091 Centurion_1_0
46 64 759.6358200514793 767.0353059543334 Gaborone_0_0
47 65 767.2375696952283 774.6370555980824 Gaborone_1_0
314 388 777.2391052464167 784.6385911492707 Witbank_0_0
297 369 785.3507465823787 792.7502324852328 Polokwane_0_0
299 371 792.8615432779359 800.2610291807899 Polokwane_1_0
298 370 800.3306967147687 807.7301826176227 Polokwane_0_1
300 372 807.840631364862 815.2401172677161 Polokwane_1_1
196 229 816.3830151838728 823.7825010867268 Maputo_0_0
197 230 823.8148940044296 831.2143799072836 Maputo_0_1
430 585 831.4769310808766 838.8764169837307 Lusaka_0_0
328 418 1621.9443619251251 1629.3438478279793 Cartagena_0_0
329 420 1629.5071156518486 1636.9066015547028 Cartagena_0_1
365 482 1645.833450525999 1653.2329364288532 Valencia_0_0
318 394 1667.8391540944576 1675.2386399973118 Argentona_1_0
179 211 1695.4598296568226 1702.8593155596768 Rome_0_0
181 213 1703.0269487406265 1710.4264346434807 Rome_1_0
180 212 1710.5721652129362 1717.9716511157903 Rome_0_1
85 107 1724.9014687973342 1732.3009547001884 Nice_0_0
175 207 1737.227739572525 1744.6272254753792 Milan_0_0
177 209 1744.8530064162626 1752.2524923191168 Milan_1_0
176 208 1752.4378913628864 1759.8373772657405 Milan_0_1
178 210 1760.0616266551276 1767.4611125579818 Milan_1_1
370 487 1811.4187036902053 1818.8181895930595 Vigo_0_1
185 218 1864.9026917274998 1872.302177630354 Verona_1_0
125 151 1875.8992452332157 1883.2987311360698 Freiburg_0_0
154 182 1885.438403144184 1892.837889047038 Stuttgart_1_0
141 169 1893.7597416998149 1901.159227602669 Mannheim_0_0
30 40 1907.1293346842685 1914.5288205871227 Graz_0_0
31 41 1914.6273929019708 1922.026878804825 Graz_1_0
121 147 1927.4931135435152 1934.8925994463693 Frankfurt_1_0
119 145 1935.0553183200627 1942.454804222917 Frankfurt_0_1
123 149 1942.6512536682287 1950.0507395710829 Frankfurt_1_1
157 185 1952.113584957266 1959.5130708601203 Troisdorf-Spich_0_0
159 187 1959.7415874702915 1967.1410733731457 Troisdorf-Spich_1_0
111 135 1967.7610945355568 1975.160580438411 Dortmund_1_0
109 133 1975.331024326683 1982.7305102295372 Dortmund_0_1
132 158 1985.0091342569285 1992.4086201597827 Kassel_0_0
134 160 1992.580482087993 1999.9799679908472 Kassel_1_0
34 44 2004.7863586549965 2012.1858445578507 Vienna_0_0
133 159 2017.1373318539538 2024.536817756808 Kassel_0_1
135 161 2024.707538596799 2032.107024499653 Kassel_1_1
35 45 2036.889540065219 2044.2890259680732 Vienna_0_1
37 47 2044.374492239464 2051.773978142318 Vienna_1_1
126 152 2056.0376510173314 2063.4371369201854 Hamburg_0_0
127 153 2063.45729518346 2070.8567810863137 Hamburg_0_1
390 514 2087.6529262410954 2095.0524121439494 Aberdeen_0_0
377 495 2113.642026537947 2121.041512440801 Gothenburg_0_0
378 496 2121.0477263433986 2128.4472122462525 Gothenburg_0_1
231 279 2132.531185909934 2139.9306718127878 Warsaw_0_1
381 499 2141.162459039994 2148.5619449428477 Stockholm_0_0
382 500 2148.570113146088 2155.9695990489417 Stockholm_0_1
209 249 4559.245636045933 4566.645121948787 Auckland_0_0
216 258 4571.6235946416855 4579.02308054454 Hamilton_0_1
213 255 4579.102488878434 4586.5019747812885 Hamilton_0_0
246 310 7603.696090966463 7611.0955768693175 Vila Franca Xira_0_0
252 316 7611.2139799346105 7618.613465837465 Vila Franca Xira_1_0
249 313 7618.721079111817 7626.120565014671 Vila Franca Xira_0_1
255 319 7626.238415874201 7633.637901777055 Vila Franca Xira_1_1
361 474 7635.237771598839 7642.637257501693 Sevilla_0_1
362 477 7642.714296005406 7650.1137819082605 Sevilla_1_0
363 480 7650.117794557082 7657.517280459936 Sevilla_1_1
242 304 7658.94662249918 7666.346108402035 Porto_0_0
243 307 7666.353808441233 7673.753294344087 Porto_0_1
368 485 7673.791242472354 7681.190728375208 Vigo_0_0
371 488 7681.19789890684 7688.597384809695 Vigo_0_1
344 445 7688.839701162758 7696.239187065612 La Coruna_0_0
346 451 7696.336436849571 7703.735922752426 La Coruna_1_0
345 448 7703.827791368471 7711.227277271325 La Coruna_0_1
338 431 7711.324216031123 7718.723701933977 Ferrol_0_0
347 454 7718.7238000322905 7726.123285935145 La Coruna_1_1
339 434 7726.128236119561 7733.527722022415 Ferrol_0_1
323 405 7734.979791606725 7742.379277509579 Barajas_0_0
324 408 7742.380461149279 7749.779947052133 Barajas_0_1
350 457 7758.309846788645 7765.709332691499 Las Rozas_0_0
359 468 7808.720000863075 7816.11948676593 Santander_0_0
165 197 7838.826816678047 7846.226302580902 Shannon_0_0
168 200 7846.2266242004935 7853.626110103348 Shannon_0_1
409 543 7959.774466663599 7967.173952566453 Glasgow_0_0
410 546 7967.221740021813 7974.621225924668 Glasgow_1_0
391 515 8042.32187461853 8049.721360521385 Aberdeen_0_0
29 39 10439.82998970151 10447.229475604363 Sydney_0_1
27 37 10447.313418778891 10454.712904681744 Sydney_0_0
7 7 10506.383065074682 10513.782550977536 Adelaide_1_1
3 3 10514.07929140064 10521.478777303493 Adelaide_0_1
21 23 10541.490156993266 10548.88964289612 Derrimut_1_1
5 5 10568.488013831588 10575.887499734441 Adelaide_1_0
15 17 10594.91817826087 10602.317664163724 Derrimut_0_1
1 1 10621.647100918257 10629.04658682111 Adelaide_0_0
18 20 10649.11349770999 10656.512983612844 Derrimut_1_0
12 14 10657.079375357713 10664.478861260566 Derrimut_0_0
54 72 12553.30598193407 12560.705467836924 Rio De Janeiro_1_0
53 71 12560.897061583024 12568.296547485877 Rio De Janeiro_0_0
57 75 12592.505259692669 12599.904745595522 Santos_1_0
58 76 12599.918447191654 12607.317933094508 Santos_1_1
55 73 12607.443446966776 12614.84293286963 Santos_0_0
56 74 12614.856124360385 12622.255610263239 Santos_0_1
50 68 12622.346355212001 12629.745841114855 Guarulhos_0_0
59 77 12629.849493376434 12637.248979279288 Sao Paulo_0_0
51 69 12637.36570338966 12644.765189292513 Guarulhos_0_1
60 78 12644.869399820864 12652.268885723717 Sao Paulo_0_1
48 66 12652.48822591525 12659.887711818103 Campinas_0_0
49 67 12659.899590374305 12667.299076277159 Campinas_0_1
52 70 12668.20747996298 12675.606965865834 Paranagua_0_0
62 80 13736.23810377717 13743.637589680024 Cambridge_1_0
61 79 13743.734090380716 13751.13357628357 Cambridge_0_0
