0 0 13620.418960033 13627.818445936
2 2 13542.895037663 13550.294523566
4 4 13577.972037392 13585.371523295
6 6 13612.705871497 13620.1053574
8 8 7729.994443237 7737.39392914
10 12 7652.039543509 7659.439029412
11 13 13645.38144146 13652.780927363
13 15 7667.517826762 7674.917312665
14 16 13637.965542339 13645.365028242
16 18 7682.707048972 7690.106534875
17 19 13517.393069139 13524.792555042
19 21 7708.892832767 7716.29231867
20 22 13560.672979804 13568.072465707
22 25 13595.298318473 13602.697804375
23 28 13502.310879111 13509.710365014
24 30 7659.743066023 7667.142551926
24 31 13524.947001972 13532.346487875
25 33 7675.218734714 7682.618220617
25 34 13509.853972917 13517.25345882
26 36 7695.763717083 7703.163202986
28 38 7721.910991624 7729.310477527
42 56 4998.616837515 5006.016323418
43 58 4948.714776534 4956.114262437
45 62 5013.643611759 5021.043097662
74 92 4800.811592168 4808.211078071
77 96 5006.087522858 5013.487008761
81 100 4878.320533363 4885.720019266
88 110 4911.433821291 4918.833307194
108 132 4921.033074021 4928.432559924
188 221 12462.409591938 12469.809077841
189 222 12446.591822553 12453.991308456
190 223 12412.676132023 12420.075617926
191 224 12434.821328108 12442.220814011
192 225 12470.506288688 12477.905774591
193 226 12423.743959808 12431.14344571
194 227 12478.106873084 12485.506358987
195 228 12454.484522072 12461.884007975
201 235 4941.226663187 4948.62614909
208 248 7829.296438068 7836.695923971
219 264 7788.102469182 7795.501955085
253 317 4766.787478614 4774.186964517
257 323 4652.941765799 4660.341251701
319 395 4820.832894606 4828.232380509
320 397 4828.285703619 4835.685189522
327 414 4642.328649008 4649.728134911
329 419 4791.508469334 4798.907955236
339 432 4973.665060444 4981.064546347
343 441 4899.703622893 4907.103108796
347 452 4662.619906157 4670.01939206
374 491 4863.042568635 4870.442054538
398 522 4889.109551904 4896.509037807
408 539 4931.709197752 4939.108683655
412 549 4840.429531953 4847.829017856
414 553 4808.495133311 4815.894619213
